
2.8821914
2.954931
2.866126
2.9805202
2.901332
2.9355905
2.8863404
2.877411
2.9098742
2.8982465
2.8794153
2.8935623
2.9175754
2.880144
2.9399748
2.9559202
2.8757615
2.935933
2.9339528
3.0320184
2.9288733
2.9252107
2.9443955
2.949919
2.9457903
2.905072
2.9560513
2.8719308
2.9607131
2.8849359
2.9336982
2.9966924
2.8786778
2.8944583
2.8539174
2.8980238
2.8790815
2.8893301
2.9567235
4.6904054
4.569109
4.587126
4.648505
4.585413
4.575054
4.542788
4.5928526
4.5555534
4.605479
4.5908484
4.7119293
4.579057
4.6180553
4.551911
4.587476
4.627426
4.516183
4.587804
4.722533
4.5790815
4.5759754
4.628625
4.555697
4.520175
4.6955237
4.584431
4.556835
4.5708485
4.655177
4.581588
4.5131116
4.542951
4.6129923
4.5624585
4.5877824
4.6058517
4.563332
4.5830526
4.6253486
4.550102
4.5024543
4.6060543
6.5911694
6.749942
6.7972097
6.7221823
6.8025203
6.6967235
6.752587
6.7073674
6.855588
6.7294292
6.749105
6.886576
6.679668
6.6995153
6.7200093
6.569245
6.760341
6.619288
6.6144753
6.578707
6.611014
6.6852493
6.6115437
6.7439027
6.6872153
6.714655
6.491939
6.55084
6.502579
6.6117773
6.68566
6.5468817
6.6879106
6.689128
6.592688
6.740977
6.6175566
6.615301
6.68623
6.580021
6.6592207
6.671753
6.6175947
6.7647443
9.44667
9.255391
9.317573
9.112522
9.164823
9.11767
9.2444
9.334115
9.219374
9.33956
9.298654
9.176507
9.129716
9.1158285
9.001749
9.231323
9.131677
9.116556
9.15261
9.1379
9.250887
9.094004
9.033295
9.14838
9.037725
9.150412
9.029919
9.157915
9.008024
9.111409
9.164228
9.086896
9.246246
9.036145
9.2376
9.161572
9.283379
9.220332